# n = 68
# s = 8.798795237222592
# x y theta(rad)
5.07014668337712138e-01 8.29879523722259194e+00 0.00000000000000000e+00
5.00000000000000000e-01 7.29879523722212298e+00 0.00000000000000000e+00
5.07014668337712138e-01 6.29879523722165491e+00 0.00000000000000000e+00
5.00000000000000000e-01 5.29879523722118506e+00 0.00000000000000000e+00
8.29879523722259194e+00 8.29539897990530228e+00 0.00000000000000000e+00
7.29879523722212298e+00 8.29879523722259194e+00 0.00000000000000000e+00
6.29879523722165402e+00 8.29879523722259194e+00 0.00000000000000000e+00
5.29879523722118417e+00 8.29879523722259194e+00 0.00000000000000000e+00
8.29879523722259194e+00 7.29412620640342446e+00 0.00000000000000000e+00
7.29879523722212298e+00 7.29879523722212298e+00 0.00000000000000000e+00
8.29773748810372602e+00 6.29178029814424100e+00 -9.71344287713148623e-04
5.03609215070470739e-01 5.00000000000000000e-01 0.00000000000000000e+00
1.50405774477832388e+00 5.00000000000000000e-01 -4.65564247920037706e-17
2.50453685309913610e+00 5.00479108320342814e-01 -9.58676317635366788e-04
3.50701507446832039e+00 5.00000165984459066e-01 1.80330768763739546e-10
5.00000000000000000e-01 1.50000000000046940e+00 0.00000000000000000e+00
1.50000000000046896e+00 1.50000000000046940e+00 -5.29645422793251817e-19
2.50000000000093792e+00 1.50272592628080526e+00 0.00000000000000000e+00
3.50000000000140687e+00 1.50000434915525593e+00 0.00000000000000000e+00
5.00000000000000000e-01 2.50000000000093836e+00 0.00000000000000000e+00
1.50000000000046896e+00 2.50000000000093836e+00 0.00000000000000000e+00
5.00000000000000000e-01 3.50000000000140776e+00 0.00000000000000000e+00
8.29879523722259194e+00 5.00000000000000000e-01 0.00000000000000000e+00
7.29879523722212298e+00 5.00000000000000000e-01 0.00000000000000000e+00
6.29879523722165402e+00 5.00000000000000000e-01 0.00000000000000000e+00
5.29879523722118417e+00 5.00000000000000000e-01 0.00000000000000000e+00
8.29773898722058867e+00 1.50000000000046940e+00 0.00000000000000000e+00
8.29879523722259194e+00 2.50000000000093836e+00 0.00000000000000000e+00
8.29773898722058867e+00 3.50000000000140776e+00 0.00000000000000000e+00
8.29879523722259194e+00 4.50000000000187672e+00 0.00000000000000000e+00
5.17809040469747117e+00 5.33409897291605350e+00 -4.56056291150317705e-01
3.21638110245754483e+00 8.29879523722259194e+00 0.00000000000000000e+00
1.66931216338982402e+00 7.26476909108721713e+00 -4.56969446897518117e-01
4.08023722209269124e+00 5.36668546268357360e+00 -4.56056291150317761e-01
4.97010287907336501e+00 2.67758321577870362e+00 -4.67133371316654944e-01
4.73477160634136318e+00 4.43159436335845847e+00 -4.67133371316655388e-01
4.28444297349862602e+00 3.53873148338027921e+00 -4.67133371316655166e-01
3.17963823429250247e+00 3.56884473346154696e+00 -4.67133371316655222e-01
6.53449568272957571e+00 1.50000000000046940e+00 0.00000000000000000e+00
2.21638110245707765e+00 8.29879523722259194e+00 0.00000000000000000e+00
4.96105900937093836e+00 7.16227811667269787e+00 -4.56056291150317872e-01
5.61850129833659473e+00 6.23189529991061519e+00 -4.56056291150317705e-01
4.51740086936008645e+00 1.49033816667387997e+00 3.54369791293150244e-02
6.55322813625953238e+00 3.59583212632742777e+00 -4.67133371316655277e-01
3.39082455265751470e+00 6.23189529991061519e+00 -4.56056291150318482e-01
3.83411434065588708e+00 2.64586860340209906e+00 -4.67133371316655277e-01
7.01060848690513705e+00 4.48638648989582389e+00 -4.69390294287837018e-01
5.87076014475884023e+00 4.46330897573506302e+00 -4.67133371316655333e-01
1.80025094420256870e+00 5.27761717920214046e+00 -4.64905151466898148e-01
2.49432046377970984e+00 4.43067134943971208e+00 -4.67133371316655388e-01
7.43726415034629973e+00 5.39830694618057549e+00 -4.56056291150317983e-01
2.72888898209512476e+00 2.67514789494516281e+00 -4.67133371316655333e-01
6.10188917361903904e+00 2.70096607376000630e+00 -4.67133371316654999e-01
2.04399183093697268e+00 3.53780846946153238e+00 -4.67133371316655277e-01
3.83123544629664003e+00 7.12969162690517599e+00 -4.56056291150317927e-01
1.35041479345729343e+00 4.38325950469041103e+00 -4.67133371316655388e-01
3.63103233788711499e+00 4.46382011354566899e+00 -4.67133371316655499e-01
5.42043151191610306e+00 3.57044609575688332e+00 -4.67133371316654944e-01
5.51755104845454269e+00 1.51694463427503212e+00 3.44908572945638592e-02
2.24734173305403750e+00 6.17520276247792133e+00 -4.59355066782639265e-01
2.69379464945449243e+00 7.08157708232040761e+00 -4.56056291150317872e-01
6.30876499751536812e+00 5.36842032299016569e+00 -4.56056291150317594e-01
2.94643546869157902e+00 5.33273926847077462e+00 -4.62019659349664547e-01
6.05891219197572006e+00 7.12969162690517599e+00 -4.56056291150317650e-01
7.12719948081155508e+00 2.51323986653265052e+00 -4.67133371316655166e-01
4.52064811573181480e+00 6.26448178967813618e+00 -4.56056291150318427e-01
6.74917589115449168e+00 6.26621664998472738e+00 -4.56056291150317650e-01
4.21638110245801556e+00 8.29879523722259194e+00 0.00000000000000000e+00
